1152
1973
2682
3434
3713
3965
4338
4604
4931
5097
5379
5793
6040
8101
8191
8438
10201
10692
12933
13693
14173
14528
14559
15480
16324
18657
18783
19583
19679
19733
19949
20260
20414
20493
20567
21056
22065
22656
23953
24205
24554
25849
27309
27573
27963
28590
29000
29714
29849
30106
30629
31870
33325
34206
34258
34332
34356
34482
35489
36393
36783
36916
37523
40192
41861
42028
42664
42999
43416
45826
45846
46081
46243
46701
47174
47285
47848
51943
52456
53659
54465
55628
56176
56906
60168
61685
63149
64149
64572
64783
64877
67107
70134
72144
73454
73741
74207
76122
78205
78716
78895
79339
79495
80299
81526
82537
83215
84170
85223
87017
87301
87749
87989
89079
90130
91774
92859
92910
96436
97456
97654
98576
99041
99593
99626
